0 0 10
1 0 60
2 0 70
3 -1 70
4 -1 60
5 -2 70
6 -2 70
7 -2 50
8 -3 60
9 -3 60
10 -4 60
11 -4 70
12 -4 70
13 -5 60
14 -5 70
15 -6 50
16 -6 60
17 -6 60
18 -7 50
19 -7 20
19 -7 10
20 -7 50
21 -6 70
22 -5 60
23 -4 70
24 -3 70
25 -2 70
26 -1 70
27 0 50
28 1 50
29 2 70
30 3 70
31 4 70
32 5 60
33 6 50
34 7 70
35 8 60
36 9 60
37 10 20
37 10 10
36 10 70
35 11 60
34 12 60
33 12 70
32 13 70
31 14 70
30 14 70
29 15 70
28 16 70
27 16 50
26 17 60
25 18 50
24 18 60
23 19 70
22 20 70
21 20 60
20 21 70
19 22 20
19 22 10
19 23 50
19 24 70
18 25 60
18 26 70
18 27 60
17 28 60
17 29 50
17 30 50
16 31 70
16 32 60
16 33 50
15 34 70
15 35 20
15 35 10
15 36 60
16 37 50
17 38 70
17 39 70
18 40 60
19 41 60
19 42 70
20 43 50
21 44 70
21 45 70
22 46 20
22 46 10
21 46 50
20 46 60
19 45 70
18 45 50
17 44 70
16 44 70
15 44 50
14 43 70
13 43 50
12 42 50
11 42 60
10 42 60
9 41 60
8 41 70
7 40 70
6 40 60
5 40 70
4 39 50
3 39 20
